26
0 6875 8249 17324 10693 12940 12910 4847 2726 15463 7056 13291 12219 8034 14957 6995 13692 6607 9747 12126 12768 6393 15190 10132 11578 13184
6875 0 7027 14409 10585 10014 10689 2028 8267 15514 12657 12056 11961 11235 12138 10846 13225 4386 14464 10904 12392 10244 15655 9137 11111 6309
8249 7027 0 9617 13597 11002 11288 9055 10975 15763 7686 13201 15593 12350 11615 12853 12566 11343 7437 3877 17970 13455 11496 14448 10452 13336
17324 14409 9617 0 17545 17934 13866 13185 18866 18259 13954 15779 19416 9290 17800 17893 14487 15095 12477 12635 17279 18495 9804 11388 15692 14229
10693 10585 13597 17545 0 4400 13885 12493 7967 15253 8237 11972 13308 12901 14702 11354 12091 11848 12651 9720 11949 10752 16313 14999 14205 8105
12940 10014 11002 17934 4400 0 16778 8093 11807 18276 12637 14865 13195 11198 17101 7538 14209 14400 12954 9546 7549 8140 11913 13296 16121 3705
12910 10689 11288 13866 13885 16778 0 11941 10184 12920 11796 1913 15240 7132 14944 9267 8894 6303 3851 11864 13443 9414 10495 9230 11008 14190
4847 2028 9055 13185 12493 8093 11941 0 7573 13689 10977 10028 9933 9207 10110 11201 11197 6414 13965 12932 14420 11240 14971 7109 9083 8337
2726 8267 10975 18866 7967 11807 10184 7573 0 13602 9782 10565 9493 9576 13168 4269 12651 3881 9685 11347 10042 3667 14068 7478 10537 11618
15463 15514 15763 18259 15253 18276 12920 13689 13602 0 14756 11603 17166 10508 10505 10738 9218 12297 9069 11886 16511 11340 17220 12606 11332 15546
7056 12657 7686 13954 8237 12637 11796 10977 9782 14756 0 13709 14760 4664 14504 13593 12464 8271 15123 11563 12653 13449 9885 6762 10350 16342
13291 12056 13201 15779 11972 14865 1913 10028 10565 11603 13709 0 17153 9045 16857 11180 6981 8216 5764 9951 11530 11327 12408 11143 9095 12277
12219 11961 15593 19416 13308 13195 15240 9933 9493 17166 14760 17153 0 10126 18244 6428 14662 11821 11844 11716 9646 5826 14286 8028 16776 14499
8034 11235 12350 9290 12901 11198 7132 9207 9576 10508 4664 9045 10126 0 9840 8929 8732 12935 10540 15383 7989 9531 9357 2098 10846 13282
14957 12138 11615 17800 14702 17101 14944 10110 13168 10505 14504 16857 18244 9840 0 11816 10225 15204 11093 7738 9552 12418 18063 11938 12339 15262
6995 10846 12853 17893 11354 7538 9267 11201 4269 10738 13593 11180 6428 8929 11816 0 12514 8150 5416 13761 5773 602 15119 11027 14414 11243
13692 13225 12566 14487 12091 14209 8894 11197 12651 9218 12464 6981 14662 8732 10225 12514 0 15197 12745 8689 10755 11912 8002 6634 2114 16747
6607 4386 11343 15095 11848 14400 6303 6414 3881 12297 8271 8216 11821 12935 15204 8150 15197 0 10154 7466 13923 7548 13159 11359 14041 10695
9747 14464 7437 12477 12651 12954 3851 13965 9685 9069 15123 5764 11844 10540 11093 5416 12745 10154 0 11314 10533 6018 11996 12638 14859 16245
12126 10904 3877 12635 9720 9546 11864 12932 11347 11886 11563 9951 11716 15383 7738 13761 8689 7466 11314 0 15216 14363 11750 15323 6575 13251
12768 12392 17970 17279 11949 7549 13443 14420 10042 16511 12653 11530 9646 7989 9552 5773 10755 13923 10533 15216 0 6375 13938 10087 8641 11254
6393 10244 13455 18495 10752 8140 9414 11240 3667 11340 13449 11327 5826 9531 12418 602 11912 7548 6018 14363 6375 0 14517 11145 14026 11845
15190 15655 11496 9804 16313 11913 10495 14971 14068 17220 9885 12408 14286 9357 18063 15119 8002 13159 11996 11750 13938 14517 0 11455 5888 9346
10132 9137 14448 11388 14999 13296 9230 7109 7478 12606 6762 11143 8028 2098 11938 11027 6634 11359 12638 15323 10087 11145 11455 0 8748 15380
11578 11111 10452 15692 14205 16121 11008 9083 10537 11332 10350 9095 16776 10846 12339 14414 2114 14041 14859 6575 8641 14026 5888 8748 0 15234
13184 6309 13336 14229 8105 3705 14190 8337 11618 15546 16342 12277 14499 13282 15262 11243 16747 10695 16245 13251 11254 11845 9346 15380 15234 0
