17
0 11761 12381 7967 11356 18354 9710 9589 5591 4232 12166 9067 12547 12407 10463 12061 4566
11761 0 10695 15401 6347 15670 13396 9320 8888 7529 13431 12364 10855 3353 18064 11307 13137
12381 10695 0 14650 14763 14679 14545 5914 9508 8149 15302 6743 4510 11881 11985 10556 10937
7967 15401 14650 0 16597 13154 15606 17556 13440 12199 16124 7907 13786 12708 13006 4094 12533
11356 6347 14763 16597 0 17614 13689 8849 15201 13876 14390 16036 17202 9700 14767 17654 6790
18354 15670 14679 13154 17614 0 15989 8765 13273 14632 13034 12873 11735 12317 17972 9060 13788
9710 13396 14545 15606 13689 15989 0 12085 7755 6396 14662 11231 19055 13382 16931 15044 7062
9589 9320 5914 17556 8849 8765 12085 0 12410 13769 12392 12657 10424 5967 14237 16470 5023
5591 8888 9508 13440 15201 13273 7755 12410 0 1359 14511 6194 14018 9534 9176 10007 10157
4232 7529 8149 12199 13876 14632 6396 13769 1359 0 13394 4835 12659 8175 10535 8648 8798
12166 13431 15302 16124 14390 13034 14662 12392 14511 13394 0 8559 19812 10078 5657 12372 7600
9067 12364 6743 7907 16036 12873 11231 12657 6194 4835 8559 0 11253 13010 12725 3813 9246
12547 10855 4510 13786 17202 11735 19055 10424 14018 12659 19812 11253 0 14208 16495 10364 15447
12407 3353 11881 12708 9700 12317 13382 5967 9534 8175 10078 13010 14208 0 15735 13869 10990
10463 18064 11985 13006 14767 17972 16931 14237 9176 10535 5657 12725 16495 15735 0 8912 13257
12061 11307 10556 4094 17654 9060 15044 16470 10007 8648 12372 3813 10364 13869 8912 0 13059
4566 13137 10937 12533 6790 13788 7062 5023 10157 8798 7600 9246 15447 10990 13257 13059 0
